Min and Max of moving mean of XYZ Forces:
F_y_bias = 5
x_min: -13.54264027431232 x_max: 6.141556676242348
y_min: -13.861909071927492 y_max: 0.15910232906467214
z_min: -8.63653606564421 z_max: 3.812475663537874

F_y_bias = 15
x_min: -21.369516444661777 x_max: 10.914647682560512
y_min: -23.28613655264366 y_max: 0.23361975030624949
z_min: -11.300810080750642 z_max: 7.500662017073183

F_y_bias = 5 & PB
x_min: -8.558903684053467 x_max: 7.751493308648211
y_min: -12.543433489375134 y_max: 0.7470789192471788
z_min: -17.220055880184745 z_max: 12.105300913914887

PID:
x_min: -576.8969933390707 x_max: 219.6076340017376
y_min: -870.5558807881868 y_max: 0.45411196248383895
z_min: -309.39384286663886 z_max: 397.3910400981243
